# Number of Draws is: 10
0.000000000000000000e+00 6.082479445208382174e+01 9.399108334838263801e+00
1.000000000000000000e+00 4.472144295042861728e+01 9.819221732208076148e+00
2.000000000000000000e+00 5.211603365929708787e+01 1.058067143568527335e+01
3.000000000000000000e+00 5.096861334045761538e+01 1.488805026149253230e+01
4.000000000000000000e+00 5.171331175608374053e+01 1.170788560286200308e+01
5.000000000000000000e+00 5.759273856215088472e+01 9.171411708934259721e+00
6.000000000000000000e+00 5.480425911066043909e+01 1.144484648991097409e+01
7.000000000000000000e+00 5.437943039927207423e+01 1.761124997172315076e+01
8.000000000000000000e+00 5.631881661648419879e+01 9.612964384583033706e+00
9.000000000000000000e+00 5.306051189184930905e+01 8.482577901480301108e+00
# Number of Draws is: 100
5.528995963164900473e+01 1.233555232663839973e+01
5.584365129030582153e+01 1.402502200119029752e+01
5.638892156906494790e+01 1.143570743191711792e+01
5.427194188336550695e+01 1.375917798786415425e+01
5.350102722258245080e+01 1.194580753279017671e+01
5.531322022373898761e+01 1.380436270893826567e+01
5.491991257040466934e+01 1.260821870392621946e+01
5.797243786838455293e+01 1.212082772724939694e+01
5.536209972352956044e+01 1.253002246342149562e+01
5.708226736376458632e+01 1.229116172402745910e+01
# Number of Draws is: 1000
5.556755859502265338e+01 1.299356671632008187e+01
5.508332103126580392e+01 1.284797844143491474e+01
5.477088848372711993e+01 1.328733764140464579e+01
5.452263991388516473e+01 1.294058503380390412e+01
5.449686719045917727e+01 1.309109677183067433e+01
5.457627451682373732e+01 1.342928557747975660e+01
5.512458179256225321e+01 1.346423916604233106e+01
5.527941649771616284e+01 1.307096162727303046e+01
5.483064653510744790e+01 1.249220334031316071e+01
5.447997650048298368e+01 1.260205674895389016e+01
# Number of Draws is: 10000
5.519837496421065737e+01 1.308682704933648111e+01
5.490408366207507385e+01 1.289439927358185400e+01
5.489805235260484295e+01 1.301623370552263204e+01
5.505918994403307920e+01 1.299327104296867397e+01
5.506722701198467718e+01 1.314209704510260757e+01
5.506836274864543412e+01 1.289377434923726540e+01
5.496828938297164768e+01 1.309279346846178882e+01
5.517848653301160056e+01 1.298298331207277378e+01
5.487609285871726428e+01 1.297757045010985522e+01
5.510729746664079443e+01 1.298064776226478223e+01
# Number of Draws is: 100000
5.498821237384896676e+01 1.299741653968136923e+01
5.497238991588140067e+01 1.299942257556404179e+01
5.499984158263212919e+01 1.302458485317984582e+01
5.492252349534791733e+01 1.300902511752325630e+01
5.497144559186165225e+01 1.302317318979502225e+01
5.507000589505049248e+01 1.298207355685497078e+01
5.499604545385363252e+01 1.299319668319791177e+01
5.496079388545371813e+01 1.301287794985747404e+01
5.491139865016286592e+01 1.297962777234163667e+01
5.498920562836725878e+01 1.307945731444718263e+01
# Number of Draws is: 1000000
5.499309169123565511e+01 1.300893740598279535e+01
5.499906926610855606e+01 1.299919631580033297e+01
5.501012038876190502e+01 1.298813904993371260e+01
5.500688986208360376e+01 1.299673884240672095e+01
5.499014635395148076e+01 1.300769089880405183e+01
5.502166854771085269e+01 1.299359096471883923e+01
5.499308450842730878e+01 1.300489755287143367e+01
5.500564448155692787e+01 1.300420711895943704e+01
5.498887138510981032e+01 1.299174381107015819e+01
5.497196474603800453e+01 1.300241256684450164e+01
